0,,,,,,,,,,
alpha,100000,150000,200000,250000,500000,750000,1000000,2000000,3000000,4000000
-10,-0.3462,-0.3821,-0.3670,-0.3631,-0.3890,-0.4065,-0.6287,-0.6628,-0.6921,-0.7082
-9,-0.3537,-0.3508,-0.3532,-0.4096,-0.3944,-0.5331,-0.5434,-0.5841,-0.5781,-0.5960
-8,-0.3979,-0.4155,-0.4464,-0.4561,-0.3998,-0.4388,-0.4515,-0.4810,-0.4896,-0.4876
-7,-0.4534,-0.4820,-0.4082,-0.3556,-0.3361,-0.3504,-0.3522,-0.3759,-0.3838,-0.3834
-6,-0.4915,-0.3820,-0.3076,-0.2780,-0.2403,-0.2507,-0.2520,-0.2695,-0.2756,-0.2766
-5,-0.4183,-0.2723,-0.1884,-0.1601,-0.1386,-0.1472,-0.1475,-0.1614,-0.1653,-0.1662
-4,-0.2577,-0.1342,-0.0557,-0.0366,-0.0363,-0.0412,-0.0445,-0.0501,-0.0531,-0.0547
-3,-0.1047,0.0114,0.0665,0.0759,0.0708,0.0673,0.0654,0.0615,0.0602,0.0585
-2,0.0391,0.1472,0.1740,0.1786,0.1789,0.1769,0.1757,0.1737,0.1728,0.1717
-1,0.1998,0.2944,0.2650,0.2745,0.2843,0.2844,0.2852,0.2859,0.2855,0.2849
0,0.3605,0.4356,0.4419,0.4431,0.3802,0.3901,0.3928,0.3949,0.3963,0.3967
1,0.4860,0.5356,0.5403,0.5421,0.5438,0.4923,0.4901,0.5036,0.5053,0.5056
2,0.6028,0.6336,0.6388,0.6406,0.6426,0.6445,0.6383,0.6017,0.6095,0.6093
3,0.7199,0.7350,0.7367,0.7378,0.7389,0.7408,0.7425,0.7330,0.7084,0.7130
4,0.8200,0.8305,0.8322,0.8321,0.8308,0.8306,0.8325,0.8420,0.8488,0.8372
5,0.9209,0.9240,0.9223,0.9204,0.9220,0.9270,0.9316,0.9429,0.9495,0.9532
6,1.0173,1.0142,1.0116,1.0109,1.0188,1.0270,1.0333,1.0447,1.0481,1.0475
7,1.1081,1.1057,1.1033,1.1034,1.1154,1.1259,1.1328,1.1362,1.1381,1.1415
8,1.1958,1.1937,1.1904,1.1897,1.2083,1.2156,1.2169,1.2274,1.2347,1.2365
9,1.2733,1.2648,1.2642,1.2688,1.2809,1.2904,1.2992,1.3052,1.3188,1.3275
10,1.3178,1.3123,1.3078,1.3197,1.3434,1.3526,1.3545,1.3918,1.4071,1.4170
11,1.3408,1.3427,1.3514,1.3626,1.3802,1.3992,1.4152,1.4578,1.4886,1.5064
12,1.3630,1.3706,1.3874,1.3974,1.4202,1.4392,1.4677,1.5243,1.5572,1.5757
13,1.3588,1.3743,1.3865,1.3968,1.4361,1.4725,1.4981,1.5802,1.6153,1.6315
14,1.3150,1.3437,1.3680,1.3841,1.4152,1.4861,1.5057,1.6242,1.6503,1.6891
15,1.2928,1.3192,1.3442,1.3480,1.3986,1.4640,1.5181,1.6470,1.6958,1.7388
16,1.2795,1.2966,1.3189,1.3255,1.3794,1.4080,1.5076,1.6184,1.7288,1.7768
17,1.2550,1.2879,1.2969,1.3073,1.3494,1.3858,1.4764,1.6227,1.7469,1.8005
18,1.0913,1.2535,1.2725,1.2812,1.3177,1.3536,1.4292,1.6049,1.7493,1.8074
19,0.9511,1.1817,1.2234,1.2420,1.2873,1.3207,1.3789,1.5627,1.7321,1.7899
20,0.8109,1.0240,1.1616,1.1746,1.2586,1.2909,1.3379,1.4992,1.6896,1.7361
,,,,,,,,,,
0.1,,,,,,,,,,
alpha,100000,150000,200000,250000,500000,750000,1000000,2000000,3000000,4000000
-10,-0.3439,-0.3798,-0.3628,-0.3594,-0.3839,-0.4449,-0.5964,-0.6678,-0.6981,-0.7144
-9,-0.3489,-0.3470,-0.3499,-0.3800,-0.3885,-0.4660,-0.5435,-0.5879,-0.5832,-0.6008
-8,-0.4006,-0.4159,-0.4448,-0.4522,-0.3930,-0.4107,-0.4532,-0.4840,-0.4930,-0.4902
-7,-0.4460,-0.4786,-0.4050,-0.3531,-0.3366,-0.3520,-0.3542,-0.3784,-0.3866,-0.3862
-6,-0.4909,-0.3801,-0.3057,-0.2772,-0.2414,-0.2524,-0.2535,-0.2712,-0.2777,-0.2788
-5,-0.4172,-0.2717,-0.1872,-0.1605,-0.1397,-0.1482,-0.1485,-0.1626,-0.1666,-0.1675
-4,-0.2584,-0.1338,-0.0546,-0.0368,-0.0366,-0.0416,-0.0450,-0.0507,-0.0537,-0.0553
-3,-0.1030,0.0126,0.0645,0.0767,0.0711,0.0675,0.0655,0.0617,0.0604,0.0592
-2,0.0362,0.1494,0.1755,0.1797,0.1798,0.1777,0.1765,0.1746,0.1738,0.1729
-1,0.1997,0.2873,0.2665,0.2767,0.2858,0.2860,0.2869,0.2874,0.2871,0.2865
0,0.3632,0.4388,0.4438,0.4454,0.3827,0.3925,0.3950,0.3971,0.3985,0.3989
1,0.4876,0.5373,0.5428,0.5449,0.5467,0.4946,0.4930,0.5064,0.5080,0.5082
2,0.6064,0.6360,0.6424,0.6441,0.6461,0.6480,0.6411,0.6050,0.6128,0.6138
3,0.7181,0.7372,0.7402,0.7414,0.7425,0.7442,0.7460,0.7257,0.7123,0.7173
4,0.8241,0.8346,0.8357,0.8357,0.8345,0.8345,0.8367,0.8464,0.8537,0.8421
5,0.9246,0.9268,0.9262,0.9246,0.9263,0.9317,0.9366,0.9482,0.9549,0.9587
6,1.0228,1.0190,1.0163,1.0155,1.0237,1.0321,1.0387,1.0507,1.0540,1.0534
7,1.1142,1.1108,1.1085,1.1085,1.1209,1.1317,1.1390,1.1423,1.1444,1.1480
8,1.2009,1.1989,1.1955,1.1945,1.2142,1.2209,1.2220,1.2340,1.2413,1.2433
9,1.2775,1.2685,1.2674,1.2730,1.2848,1.2953,1.3048,1.3113,1.3257,1.3345
10,1.3186,1.3133,1.3171,1.3209,1.3460,1.3483,1.3579,1.3968,1.4134,1.4266
11,1.3410,1.3433,1.3504,1.3577,1.3814,1.4013,1.4181,1.4619,1.4935,1.5119
12,1.3613,1.3697,1.3842,1.3944,1.4198,1.4396,1.4684,1.5275,1.5612,1.5800
13,1.3524,1.3662,1.3820,1.3929,1.4319,1.4697,1.4934,1.5814,1.6177,1.6344
14,1.3070,1.3354,1.3602,1.3767,1.4068,1.4784,1.5006,1.6226,1.6519,1.6923
15,1.2844,1.3100,1.3346,1.3393,1.3876,1.4493,1.5072,1.6353,1.6954,1.7400
16,1.2675,1.2878,1.3089,1.3150,1.3657,1.3939,1.4899,1.6098,1.7243,1.7743
17,1.2232,1.2754,1.2860,1.2953,1.3343,1.3683,1.4528,1.6070,1.7373,1.7927
18,1.1132,1.2346,1.2589,1.2657,1.3019,1.3354,1.4035,1.5798,1.7320,1.7902
19,1.0031,1.1538,1.2100,1.2212,1.2714,1.3032,1.3544,1.5266,1.7049,1.7537
20,0.6853,0.6885,1.0305,1.1274,1.2413,1.2744,1.3161,1.4618,1.6508,1.7017
,,,,,,,,,,
0.2,,,,,,,,,,
alpha,100000,150000,200000,250000,500000,750000,1000000,2000000,3000000,4000000
-10,-0.3381,-0.3732,-0.3510,-0.3490,-0.3697,-0.3785,-0.6503,-0.6814,-0.7165,-0.7342
-9,-0.3365,-0.3366,-0.3409,-0.3689,-0.3904,-0.4171,-0.5383,-0.5979,-0.5977,-0.6152
-8,-0.4080,-0.4166,-0.4353,-0.4170,-0.3915,-0.4252,-0.4564,-0.4926,-0.5031,-0.4938
-7,-0.4235,-0.4677,-0.3941,-0.3446,-0.3363,-0.3563,-0.3598,-0.3859,-0.3952,-0.3947
-6,-0.4872,-0.3732,-0.3020,-0.2741,-0.2444,-0.2575,-0.2575,-0.2768,-0.2842,-0.2855
-5,-0.4127,-0.2689,-0.2012,-0.1607,-0.1430,-0.1513,-0.1520,-0.1666,-0.1708,-0.1718
-4,-0.2577,-0.1315,-0.0627,-0.0366,-0.0382,-0.0431,-0.0464,-0.0527,-0.0556,-0.0573
-3,-0.1067,0.0171,0.0635,0.0753,0.0717,0.0680,0.0659,0.0621,0.0609,0.0597
-2,0.0355,0.1570,0.1805,0.1837,0.1811,0.1802,0.1789,0.1773,0.1765,0.1757
-1,0.2347,0.2748,0.2736,0.2839,0.2905,0.2908,0.2918,0.2920,0.2917,0.2914
0,0.3752,0.4406,0.4509,0.4529,0.4206,0.3995,0.4015,0.4039,0.4055,0.4056
1,0.4987,0.5424,0.5518,0.5541,0.5507,0.5005,0.5023,0.5149,0.5168,0.5169
2,0.6214,0.6466,0.6516,0.6536,0.6563,0.6582,0.6504,0.6155,0.6227,0.6247
3,0.7297,0.7475,0.7512,0.7522,0.7531,0.7553,0.7569,0.7488,0.7246,0.7304
4,0.8347,0.8456,0.8470,0.8468,0.8454,0.8462,0.8492,0.8603,0.8681,0.8575
5,0.9384,0.9410,0.9388,0.9367,0.9391,0.9459,0.9516,0.9646,0.9716,0.9754
6,1.0360,1.0340,1.0307,1.0294,1.0383,1.0485,1.0554,1.0691,1.0720,1.0714
7,1.1283,1.1267,1.1246,1.1239,1.1369,1.1503,1.1578,1.1600,1.1634,1.1683
8,1.2177,1.2159,1.2111,1.2108,1.2308,1.2357,1.2382,1.2534,1.2597,1.2591
9,1.2885,1.2790,1.2789,1.2822,1.2941,1.3079,1.3194,1.3297,1.3464,1.3558
10,1.3216,1.3147,1.3186,1.3253,1.3567,1.3571,1.3681,1.4098,1.4310,1.4413
11,1.3409,1.3416,1.3549,1.3679,1.3860,1.4071,1.4259,1.4735,1.5073,1.5267
12,1.3540,1.3616,1.3826,1.3871,1.4177,1.4390,1.4694,1.5352,1.5720,1.5917
13,1.3315,1.3457,1.3671,1.3798,1.4184,1.4581,1.4741,1.5827,1.6183,1.6461
14,1.2836,1.3118,1.3364,1.3548,1.3839,1.4521,1.4784,1.6111,1.6533,1.6986
15,1.2549,1.2832,1.3063,1.3145,1.3517,1.4093,1.4670,1.5812,1.6857,1.7372
16,1.2290,1.2604,1.2802,1.2840,1.3250,1.3483,1.4318,1.5672,1.6978,1.7577
17,1.1483,1.2355,1.2532,1.2584,1.2910,1.3175,1.3833,1.5369,1.6908,1.7525
18,0.6849,1.1797,1.2180,1.2187,1.2568,1.2843,1.3343,1.4804,1.6576,1.7057
19,0.9958,1.0146,1.1601,1.1581,1.2235,1.2541,1.2929,1.4147,1.5970,1.6545
20,1.0132,1.0350,1.0346,1.0578,1.1863,1.2247,1.2616,1.3597,1.5200,1.5813
,,,,,,,,,,
0.3,,,,,,,,,,
alpha,100000,150000,200000,250000,500000,750000,1000000,2000000,3000000,4000000
-10,-0.3336,-0.3631,-0.2414,-0.3338,-0.3484,-0.3531,-0.4098,-0.6801,-0.7455,-0.7692
-9,-0.3201,-0.3224,-0.2813,-0.3619,-0.3667,-0.3789,-0.3908,-0.5753,-0.6193,-0.6404
-8,-0.4149,-0.4133,-0.2328,-0.3757,-0.3433,-0.4050,-0.4447,-0.5057,-0.5150,-0.5099
-7,-0.3907,-0.3859,-0.3734,-0.3277,-0.2961,-0.3595,-0.3664,-0.3974,-0.4102,-0.4095
-6,-0.4739,-0.3585,-0.2950,-0.2670,-0.2489,-0.2648,-0.2612,-0.2864,-0.2956,-0.2974
-5,-0.4012,-0.2602,-0.2008,-0.1583,-0.1478,-0.1569,-0.1559,-0.1730,-0.1785,-0.1795
-4,-0.2680,-0.1243,-0.0653,-0.0348,-0.0402,-0.0454,-0.0481,-0.0561,-0.0592,-0.0610
-3,-0.1150,0.0268,0.0672,0.0753,0.0726,0.0692,0.0669,0.0634,0.0615,0.0602
-2,0.0453,0.1527,0.1813,0.1875,0.1871,0.1848,0.1838,0.1817,0.1812,0.1805
-1,0.2303,0.2635,0.2838,0.2937,0.2989,0.2982,0.3002,0.3004,0.3001,0.2999
0,0.3748,0.4541,0.4632,0.4450,0.4044,0.4116,0.4135,0.4160,0.4175,0.4156
1,0.5033,0.5576,0.5657,0.5688,0.5571,0.5117,0.5185,0.5304,0.5318,0.5313
2,0.6308,0.6613,0.6689,0.6709,0.6741,0.6762,0.6659,0.6333,0.6407,0.6437
3,0.7471,0.7660,0.7695,0.7706,0.7717,0.7733,0.7751,0.7699,0.7459,0.7538
4,0.8542,0.8663,0.8662,0.8655,0.8649,0.8671,0.8716,0.8851,0.8938,0.8849
5,0.9601,0.9641,0.9612,0.9586,0.9630,0.9705,0.9773,0.9933,1.0011,1.0051
6,1.0610,1.0599,1.0565,1.0552,1.0653,1.0776,1.0860,1.1005,1.1027,1.1024
7,1.1554,1.1544,1.1520,1.1515,1.1659,1.1803,1.1888,1.1906,1.1967,1.2034
8,1.2423,1.2411,1.2354,1.2345,1.2552,1.2596,1.2649,1.2853,1.2857,1.2937
9,1.3031,1.2900,1.2891,1.2947,1.3095,1.3291,1.3403,1.3557,1.3784,1.3912
10,1.3212,1.3155,1.3245,1.3325,1.3704,1.3716,1.3852,1.4300,1.4557,1.4766
11,1.3392,1.3389,1.3548,1.3700,1.3923,1.4144,1.4358,1.4902,1.5283,1.5504
12,1.3377,1.3445,1.3670,1.3758,1.4105,1.4315,1.4646,1.5414,1.5853,1.6018
13,1.2988,1.3120,1.3384,1.3540,1.3935,1.4286,1.4434,1.5714,1.6060,1.6553
14,1.2423,1.2736,1.2996,1.3179,1.3501,1.4023,1.4242,1.5666,1.6297,1.6882
15,1.1964,1.2401,1.2607,1.2753,1.2947,1.3523,1.3873,1.4986,1.6243,1.6983
16,1.1060,1.2074,1.2308,1.2376,1.2596,1.2924,1.3371,1.4438,1.5884,1.6794
17,1.0098,1.1584,1.1901,1.1967,1.2254,1.2424,1.2886,1.3835,1.5279,1.6196
18,0.9997,1.0224,1.1188,1.1456,1.1877,1.2132,1.2477,1.3258,1.4531,1.5311
19,1.0128,1.0214,1.0334,1.0741,1.1458,1.1848,1.2141,1.2831,1.3860,1.4407
20,1.0289,1.0451,1.0469,1.0440,1.0873,1.1538,1.1849,1.2514,1.3328,1.3713
,,,,,,,,,,
0.4,,,,,,,,,,
alpha,100000,150000,200000,250000,500000,750000,1000000,2000000,3000000,4000000
-10,-0.3369,-0.3292,-0.3125,-0.3181,-0.3234,-0.3274,-0.3673,-0.3922,-0.4306,-0.6950
-9,-0.3035,-0.3092,-0.3271,-0.3300,-0.3441,-0.3381,-0.3400,-0.3532,-0.5775,-0.6473
-8,-0.3321,-0.4029,-0.3883,-0.3467,-0.2998,-0.3051,-0.3143,-0.4995,-0.5056,-0.5309
-7,-0.3905,-0.3888,-0.3302,-0.2857,-0.2998,-0.3407,-0.3528,-0.4058,-0.4279,-0.4252
-6,-0.4342,-0.3297,-0.2714,-0.2246,-0.2267,-0.2659,-0.2700,-0.2980,-0.3106,-0.3152
-5,-0.3825,-0.2616,-0.1882,-0.1532,-0.1535,-0.1647,-0.1655,-0.1821,-0.1898,-0.1915
-4,-0.2664,-0.1377,-0.0599,-0.0437,-0.0421,-0.0489,-0.0509,-0.0607,-0.0648,-0.0662
-3,-0.1126,0.0151,0.0644,0.0770,0.0744,0.0712,0.0682,0.0648,0.0624,0.0613
-2,0.0341,0.1688,0.1903,0.1958,0.1941,0.1917,0.1907,0.1892,0.1887,0.1877
-1,0.1976,0.2804,0.3012,0.3085,0.3118,0.3128,0.3132,0.3131,0.3130,0.3129
0,0.3873,0.4682,0.4830,0.4377,0.4251,0.4300,0.4315,0.4348,0.4363,0.4368
1,0.5169,0.5773,0.5877,0.5918,0.5670,0.5329,0.5433,0.5537,0.5542,0.5532
2,0.6518,0.6867,0.6930,0.6963,0.6999,0.7028,0.6726,0.6603,0.6690,0.6731
3,0.7669,0.7914,0.7966,0.7973,0.7977,0.7994,0.8019,0.8031,0.7787,0.7897
4,0.8815,0.8953,0.8954,0.8941,0.8977,0.8991,0.9052,0.9222,0.9330,0.9276
5,0.9893,1.0002,0.9956,0.9924,0.9976,1.0087,1.0173,1.0365,1.0463,1.0507
6,1.0930,1.0982,1.0950,1.0930,1.1032,1.1181,1.1299,1.1485,1.1490,1.1492
7,1.1877,1.1930,1.1908,1.1894,1.2036,1.2231,1.2294,1.2361,1.2479,1.2543
8,1.2642,1.2705,1.2623,1.2605,1.2779,1.2868,1.2968,1.3233,1.3277,1.3434
9,1.3131,1.2974,1.3012,1.3057,1.3328,1.3578,1.3669,1.3897,1.4144,1.4299
10,1.3178,1.3182,1.3250,1.3373,1.3863,1.3921,1.4077,1.4568,1.4887,1.5138
11,1.3174,1.3317,1.3460,1.3637,1.3963,1.4204,1.4427,1.5031,1.5507,1.5793
12,1.2975,1.3145,1.3387,1.3368,1.3930,1.4060,1.4440,1.5262,1.5829,1.6054
13,1.2349,1.2685,1.2932,1.3098,1.3561,1.3742,1.4097,1.5097,1.5487,1.6087
14,1.0130,1.2172,1.2458,1.2625,1.3028,1.3241,1.3439,1.4617,1.5078,1.5676
15,1.0226,1.1690,1.2015,1.2195,1.2498,1.2718,1.2774,1.3943,1.4413,1.4988
16,0.9918,1.1095,1.1589,1.1784,1.2040,1.2251,1.2335,1.3242,1.3677,1.4211
17,0.9866,1.0301,1.0976,1.1271,1.1601,1.1860,1.1972,1.2646,1.3041,1.3500
18,1.0174,1.0259,1.0409,1.0464,1.1154,1.1534,1.1656,1.2134,1.2568,1.2952
19,1.0401,1.0417,1.0475,1.0475,1.0744,1.1261,1.1378,1.1777,1.2212,1.2558
20,1.0565,1.0758,1.0713,1.0680,1.0802,1.1076,1.1172,1.1626,1.1999,1.2301
,,,,,,,,,,
0.5,,,,,,,,,,
alpha,100000,150000,200000,250000,500000,750000,1000000,2000000,3000000,4000000
-10,-0.3382,-0.2969,-0.2910,-0.3091,-0.2983,-0.3029,-0.3271,-0.3289,-0.3445,-0.3600
-9,-0.3021,-0.3125,-0.3182,-0.3006,-0.3112,-0.2902,-0.2860,-0.3079,-0.3382,-0.3685
-8,-0.3011,-0.3217,-0.3379,-0.3081,-0.2480,-0.2564,-0.2493,-0.3260,-0.3515,-0.3769
-7,-0.4176,-0.3391,-0.2811,-0.2596,-0.1956,-0.2269,-0.2613,-0.3087,-0.3915,-0.3825
-6,-0.4398,-0.2765,-0.2250,-0.1807,-0.1991,-0.2269,-0.2608,-0.2914,-0.3161,-0.3316
-5,-0.3380,-0.2258,-0.1525,-0.1379,-0.1575,-0.1673,-0.1775,-0.1924,-0.2022,-0.2090
-4,-0.2668,-0.1177,-0.0674,-0.0458,-0.0459,-0.0536,-0.0561,-0.0670,-0.0722,-0.0749
-3,-0.1222,0.0098,0.0655,0.0799,0.0769,0.0734,0.0703,0.0658,0.0632,0.0618
-2,0.0268,0.1706,0.1993,0.2056,0.2042,0.2019,0.2011,0.1995,0.1991,0.1983
-1,0.2061,0.2979,0.3195,0.3268,0.3310,0.3318,0.3321,0.3319,0.3321,0.3321
0,0.3945,0.4930,0.4699,0.4366,0.4539,0.4565,0.4579,0.4621,0.4635,0.4633
1,0.5433,0.6021,0.6202,0.6257,0.5829,0.5688,0.5791,0.5864,0.5856,0.5865
2,0.6767,0.7180,0.7273,0.7314,0.7353,0.7377,0.7149,0.7009,0.7114,0.7165
3,0.7969,0.8290,0.8324,0.8324,0.8315,0.8357,0.8412,0.8517,0.8286,0.8433
4,0.9201,0.9371,0.9378,0.9359,0.9350,0.9450,0.9539,0.9750,0.9884,0.9925
5,1.0232,1.0479,1.0450,1.0407,1.0437,1.0580,1.0720,1.0995,1.1115,1.1180
6,1.1204,1.1489,1.1466,1.1432,1.1510,1.1726,1.1900,1.2109,1.2126,1.2149
7,1.2049,1.2331,1.2328,1.2294,1.2460,1.2674,1.2708,1.2894,1.3095,1.3220
8,1.2549,1.2808,1.2832,1.2872,1.3074,1.3241,1.3391,1.3635,1.3801,1.3992
9,1.2564,1.3001,1.3089,1.3175,1.3600,1.3934,1.4034,1.4376,1.4658,1.4848
10,1.2394,1.3079,1.3231,1.3368,1.4030,1.4169,1.4342,1.4919,1.5255,1.5562
11,1.1130,1.2971,1.3247,1.3441,1.3922,1.4219,1.4341,1.4918,1.5458,1.5782
12,0.9643,1.2540,1.2843,1.3091,1.3554,1.3830,1.3954,1.4586,1.5112,1.5432
13,0.9312,1.1837,1.2276,1.2525,1.2966,1.3171,1.3324,1.3918,1.4410,1.4706
14,0.9505,1.0620,1.1682,1.1959,1.2381,1.2483,1.2668,1.3186,1.3593,1.3864
15,0.9732,1.0163,1.1161,1.1440,1.1883,1.1879,1.2107,1.2529,1.2854,1.3072
16,1.0000,1.0283,1.0504,1.0914,1.1425,1.1467,1.1657,1.2020,1.2285,1.2435
17,1.0058,1.0218,1.0324,1.0491,1.1008,1.1130,1.1336,1.1644,1.1876,1.1943
18,1.0338,1.0441,1.0577,1.0548,1.0792,1.0928,1.1169,1.1422,1.1571,1.1709
19,1.0686,1.0757,1.0824,1.0796,1.0939,1.1019,1.1122,1.1386,1.1501,1.1620
20,1.1034,1.1103,1.1101,1.1126,1.1246,1.1277,1.1270,1.1409,1.1537,1.1645
,,,,,,,,,,
0.6,,,,,,,,,,
alpha,100000,150000,200000,250000,500000,750000,1000000,2000000,3000000,4000000
-10,-0.2759,-0.2733,-0.2725,-0.2974,-0.2788,-0.2804,-0.2833,-0.2665,-0.2810,-0.3015
-9,-0.3213,-0.3158,-0.3120,-0.2836,-0.2572,-0.2287,-0.2227,-0.2429,-0.2579,-0.2705
-8,-0.2883,-0.3000,-0.2801,-0.2572,-0.1919,-0.1768,-0.1877,-0.2323,-0.2472,-0.2586
-7,-0.3192,-0.2996,-0.2292,-0.1773,-0.1321,-0.1580,-0.1809,-0.2132,-0.2452,-0.2396
-6,-0.3210,-0.2291,-0.1390,-0.1061,-0.1318,-0.1547,-0.1749,-0.1980,-0.2228,-0.2493
-5,-0.2749,-0.1565,-0.1045,-0.0935,-0.1137,-0.1310,-0.1495,-0.1714,-0.1875,-0.2023
-4,-0.2398,-0.1022,-0.0543,-0.0345,-0.0471,-0.0537,-0.0618,-0.0724,-0.0789,-0.0842
-3,-0.1087,0.0034,0.0599,0.0800,0.0811,0.0771,0.0735,0.0677,0.0647,0.0625
-2,0.0224,0.1599,0.2023,0.2150,0.2192,0.2166,0.2157,0.2145,0.2139,0.2132
-1,0.2155,0.3057,0.3377,0.3493,0.3587,0.3586,0.3584,0.3590,0.3574,0.3602
0,0.4056,0.5132,0.4553,0.4722,0.4928,0.4946,0.4956,0.4941,0.5008,0.4976
1,0.5642,0.6366,0.6606,0.6686,0.6343,0.6209,0.6264,0.6291,0.6332,0.6375
2,0.6879,0.7555,0.7706,0.7747,0.7758,0.7776,0.7536,0.7613,0.7734,0.7812
3,0.8266,0.8722,0.8801,0.8797,0.8762,0.8850,0.8944,0.9216,0.9047,0.9224
4,0.9242,0.9891,0.9950,0.9935,0.9891,1.0006,1.0134,1.0509,1.0676,1.0800
5,1.0243,1.0951,1.1072,1.1033,1.0974,1.1155,1.1336,1.1842,1.2059,1.2164
6,1.0429,1.1864,1.1936,1.1935,1.2026,1.2308,1.2538,1.2823,1.2969,1.2952
7,1.0914,1.2264,1.2510,1.2601,1.3005,1.3152,1.3247,1.3628,1.3879,1.4038
8,1.0296,1.2338,1.2812,1.3013,1.3390,1.3712,1.3938,1.4359,1.4632,1.4879
9,0.9689,1.2003,1.2868,1.3120,1.3720,1.4252,1.4608,1.5084,1.5495,1.5710
10,0.9531,1.1196,1.2569,1.3030,1.3939,1.4466,1.4720,1.5398,1.5880,1.6362
11,0.9139,1.0128,1.1842,1.2660,1.3725,1.4135,1.4408,1.4996,1.5584,1.6172
12,0.9181,0.9596,1.1096,1.1998,1.3057,1.3413,1.3631,1.4006,1.4381,1.4756
13,0.9281,0.9661,1.0250,1.1318,1.2356,1.2639,1.2827,1.3106,1.3384,1.3663
14,0.9495,0.9897,1.0425,0.7437,1.1715,1.1951,1.2122,1.2360,1.2598,1.2836
15,0.9935,1.0132,1.0337,0.7482,1.1209,1.1415,1.1552,1.1708,1.1864,1.2020
16,1.0256,1.0365,1.0506,0.7490,1.0914,1.1089,1.1157,1.1325,1.1493,1.1661
17,1.0586,1.0663,1.0709,1.0807,1.0912,1.1052,1.1082,1.1229,1.1375,1.1522
18,1.0952,1.1013,1.1051,1.1085,1.1162,1.1207,1.1267,1.1366,1.1464,1.1563
19,1.1539,1.1428,1.1450,1.1471,1.1523,1.1559,1.1601,1.1649,1.1697,1.1745
20,1.1892,1.1873,1.1892,1.1909,1.1956,1.1970,1.1978,1.2010,1.2042,1.2074