0,,,,,,,,,,
alpha,100000,150000,200000,250000,500000,750000,1000000,2000000,3000000,4000000
-10,0.11337,0.11263,0.10478,0.10333,0.09385,0.08890,0.03189,0.01973,0.01484,0.01213
-9,0.10126,0.09662,0.09428,0.09127,0.06970,0.02829,0.02221,0.01396,0.01601,0.01229
-8,0.09404,0.08933,0.08762,0.07920,0.04554,0.02205,0.01883,0.01228,0.01069,0.01140
-7,0.08476,0.07512,0.06619,0.05912,0.02419,0.01706,0.01677,0.01062,0.00909,0.00933
-6,0.07373,0.05686,0.04562,0.03248,0.01723,0.01345,0.01348,0.00910,0.00799,0.00787
-5,0.06129,0.03173,0.02386,0.01991,0.01352,0.01110,0.01123,0.00797,0.00719,0.00704
-4,0.03180,0.02357,0.01819,0.01636,0.01094,0.00968,0.00886,0.00750,0.00680,0.00642
-3,0.02604,0.01954,0.01579,0.01344,0.01001,0.00885,0.00828,0.00718,0.00671,0.00634
-2,0.02318,0.01598,0.01283,0.01134,0.00920,0.00838,0.00789,0.00688,0.00648,0.00625
-1,0.02105,0.01305,0.01049,0.00951,0.00813,0.00752,0.00730,0.00675,0.00638,0.00617
0,0.01891,0.01254,0.01017,0.00891,0.00672,0.00672,0.00665,0.00621,0.00616,0.00603
1,0.01849,0.01245,0.01029,0.00908,0.00674,0.00584,0.00551,0.00591,0.00595,0.00590
2,0.01792,0.01263,0.01053,0.00938,0.00709,0.00627,0.00584,0.00518,0.00565,0.00573
3,0.01725,0.01282,0.01092,0.00981,0.00761,0.00684,0.00646,0.00612,0.00566,0.00555
4,0.01736,0.01329,0.01152,0.01049,0.00851,0.00794,0.00758,0.00668,0.00617,0.00579
5,0.01801,0.01430,0.01264,0.01170,0.00975,0.00891,0.00834,0.00717,0.00662,0.00635
6,0.01944,0.01573,0.01408,0.01308,0.01078,0.00973,0.00905,0.00785,0.00747,0.00744
7,0.02096,0.01738,0.01559,0.01450,0.01181,0.01064,0.00995,0.00942,0.00918,0.00888
8,0.02296,0.01916,0.01723,0.01600,0.01299,0.01217,0.01196,0.01100,0.01040,0.01026
9,0.02529,0.02096,0.01882,0.01749,0.01546,0.01462,0.01392,0.01345,0.01247,0.01184
10,0.02771,0.02319,0.02225,0.02042,0.01804,0.01730,0.01711,0.01490,0.01391,0.01311
11,0.03134,0.02750,0.02567,0.02434,0.02231,0.02082,0.01969,0.01699,0.01528,0.01437
12,0.03673,0.03286,0.03059,0.02938,0.02683,0.02515,0.02295,0.01905,0.01708,0.01608
13,0.04481,0.04139,0.03961,0.03828,0.03399,0.03055,0.02825,0.02194,0.01961,0.01864
14,0.05937,0.05516,0.05201,0.05001,0.04615,0.03855,0.03650,0.02602,0.02405,0.02132
15,0.07400,0.07035,0.06700,0.06639,0.05985,0.05177,0.04548,0.03243,0.02824,0.02485
16,0.08901,0.08617,0.08367,0.08247,0.07563,0.07175,0.05848,0.04514,0.03396,0.02971
17,0.10695,0.10073,0.10043,0.09884,0.09419,0.08918,0.07597,0.05611,0.04178,0.03642
18,0.16120,0.12189,0.11828,0.11783,0.11411,0.10909,0.09740,0.07110,0.05230,0.04571
19,0.17878,0.15417,0.14392,0.14124,0.13476,0.12981,0.12054,0.09082,0.06639,0.05896
20,0.19636,0.23365,0.17754,0.17491,0.15622,0.15096,0.14307,0.11519,0.08510,0.07845
,,,,,,,,,,
0.1,,,,,,,,,,
alpha,100000,150000,200000,250000,500000,750000,1000000,2000000,3000000,4000000
-10,0.11381,0.11322,0.10545,0.10397,0.09486,0.04838,0.03660,0.01991,0.01501,0.01232
-9,0.10170,0.09718,0.09483,0.09393,0.07142,0.01079,0.02309,0.01436,0.01601,0.01249
-8,0.09498,0.09015,0.08849,0.08095,0.04797,0.00471,0.01936,0.01263,0.01094,0.01182
-7,0.08550,0.07640,0.06750,0.05991,0.02471,0.01750,0.01705,0.01085,0.00923,0.00948
-6,0.07464,0.05764,0.04627,0.03290,0.01751,0.01365,0.01372,0.00925,0.00807,0.00795
-5,0.06191,0.03228,0.02408,0.02020,0.01368,0.01122,0.01136,0.00804,0.00723,0.00708
-4,0.03220,0.02376,0.01830,0.01644,0.01101,0.00974,0.00892,0.00751,0.00682,0.00643
-3,0.02620,0.01962,0.01589,0.01349,0.01004,0.00888,0.00831,0.00720,0.00672,0.00632
-2,0.02342,0.01604,0.01289,0.01141,0.00924,0.00840,0.00791,0.00689,0.00649,0.00625
-1,0.02118,0.01315,0.01054,0.00960,0.00817,0.00755,0.00735,0.00676,0.00639,0.00618
0,0.01893,0.01254,0.01020,0.00894,0.00677,0.00676,0.00669,0.00624,0.00620,0.00604
1,0.01854,0.01252,0.01033,0.00911,0.00677,0.00586,0.00556,0.00594,0.00597,0.00594
2,0.01791,0.01268,0.01057,0.00942,0.00711,0.00630,0.00588,0.00523,0.00568,0.00605
3,0.01748,0.01289,0.01096,0.00986,0.00765,0.00690,0.00652,0.00597,0.00568,0.00557
4,0.01741,0.01335,0.01158,0.01056,0.00858,0.00800,0.00763,0.00671,0.00620,0.00581
5,0.01815,0.01461,0.01277,0.01179,0.00983,0.00896,0.00838,0.00720,0.00664,0.00637
6,0.01959,0.01586,0.01419,0.01320,0.01087,0.00981,0.00911,0.00789,0.00751,0.00748
7,0.02116,0.01752,0.01574,0.01464,0.01190,0.01072,0.01001,0.00950,0.00925,0.00893
8,0.02319,0.01935,0.01745,0.01620,0.01310,0.01233,0.01213,0.01109,0.01050,0.01035
9,0.02558,0.02118,0.01908,0.01769,0.01569,0.01481,0.01408,0.01360,0.01258,0.01195
10,0.02810,0.02355,0.02176,0.02082,0.01836,0.01803,0.01735,0.01507,0.01410,0.01324
11,0.03194,0.02807,0.02633,0.02561,0.02282,0.02124,0.02005,0.01725,0.01549,0.01456
12,0.03759,0.03370,0.03161,0.03039,0.02762,0.02586,0.02359,0.01947,0.01743,0.01640
13,0.04632,0.04316,0.04106,0.03967,0.03538,0.03176,0.02958,0.02266,0.02022,0.01917
14,0.06150,0.05739,0.05417,0.05212,0.04839,0.04056,0.03823,0.02719,0.02490,0.02202
15,0.07652,0.07307,0.06980,0.06911,0.06288,0.05512,0.04825,0.03486,0.02951,0.02593
16,0.09244,0.08915,0.08679,0.08569,0.07943,0.07563,0.06269,0.04788,0.03595,0.03140
17,0.11481,0.10457,0.10406,0.10262,0.09851,0.09388,0.08156,0.06021,0.04473,0.03899
18,0.16894,0.12753,0.12296,0.12268,0.11882,0.11421,0.10375,0.07700,0.05670,0.04986
19,0.22306,0.16319,0.14920,0.14788,0.13989,0.13514,0.12699,0.09895,0.07262,0.06622
20,0.20645,0.19127,0.23088,0.19097,0.16225,0.15650,0.14945,0.12394,0.09357,0.08624
,,,,,,,,,,
0.2,,,,,,,,,,
alpha,100000,150000,200000,250000,500000,750000,1000000,2000000,3000000,4000000
-10,0.11516,0.11494,0.10730,0.10580,0.09765,0.09452,0.03079,0.02088,0.01564,0.01295
-9,0.10299,0.09878,0.09643,0.09590,0.08473,0.07497,0.02700,0.01583,0.01642,0.01318
-8,0.09785,0.09274,0.09099,0.08440,0.04723,0.02785,0.02130,0.01382,0.01185,0.01418
-7,0.08736,0.08020,0.07135,0.06230,0.02658,0.01891,0.01801,0.01160,0.00969,0.00999
-6,0.07734,0.06003,0.04841,0.03413,0.01846,0.01436,0.01466,0.00976,0.00833,0.00819
-5,0.06378,0.03398,0.02523,0.02111,0.01421,0.01161,0.01190,0.00828,0.00738,0.00723
-4,0.03342,0.02435,0.01889,0.01670,0.01124,0.00993,0.00913,0.00758,0.00686,0.00647
-3,0.02685,0.01986,0.01613,0.01373,0.01017,0.00900,0.00840,0.00729,0.00675,0.00635
-2,0.02394,0.01622,0.01306,0.01164,0.00924,0.00847,0.00798,0.00694,0.00653,0.00628
-1,0.01938,0.01327,0.01073,0.00988,0.00830,0.00766,0.00746,0.00681,0.00643,0.00621
0,0.01890,0.01277,0.01029,0.00902,0.00758,0.00691,0.00680,0.00632,0.00625,0.00610
1,0.01850,0.01269,0.01042,0.00921,0.00686,0.00593,0.00569,0.00607,0.00603,0.00602
2,0.01779,0.01276,0.01070,0.00953,0.00721,0.00641,0.00596,0.00535,0.00586,0.00612
3,0.01752,0.01303,0.01111,0.01000,0.00781,0.00705,0.00669,0.00624,0.00575,0.00563
4,0.01766,0.01358,0.01182,0.01079,0.00883,0.00822,0.00779,0.00681,0.00628,0.00588
5,0.01856,0.01479,0.01309,0.01213,0.01010,0.00915,0.00853,0.00728,0.00672,0.00644
6,0.02019,0.01631,0.01459,0.01361,0.01116,0.01000,0.00931,0.00801,0.00767,0.00764
7,0.02187,0.01801,0.01627,0.01514,0.01223,0.01092,0.01023,0.00982,0.00950,0.00909
8,0.02399,0.02005,0.01791,0.01656,0.01350,0.01290,0.01262,0.01143,0.01096,0.01102
9,0.02663,0.02192,0.01965,0.01835,0.01640,0.01542,0.01468,0.01402,0.01294,0.01233
10,0.02942,0.02486,0.02314,0.02206,0.01916,0.01891,0.01814,0.01567,0.01458,0.01379
11,0.03387,0.03008,0.02797,0.02650,0.02439,0.02268,0.02131,0.01818,0.01625,0.01524
12,0.04047,0.03680,0.03429,0.03352,0.03027,0.02832,0.02583,0.02104,0.01870,0.01757
13,0.05130,0.04844,0.04579,0.04424,0.03998,0.03598,0.03436,0.02524,0.02267,0.02082
14,0.06803,0.06424,0.06111,0.05884,0.05526,0.04742,0.04449,0.03162,0.02811,0.02464
15,0.08501,0.08130,0.07840,0.07737,0.07262,0.06535,0.05803,0.04481,0.03453,0.03007
16,0.10330,0.09853,0.09618,0.09548,0.09090,0.08795,0.07642,0.05866,0.04376,0.03783
17,0.13528,0.11691,0.11524,0.11438,0.11132,0.10790,0.09831,0.07619,0.05633,0.04936
18,0.16688,0.14469,0.13741,0.13778,0.13287,0.12899,0.12139,0.09886,0.07351,0.06737
19,0.24196,0.21910,0.16828,0.16918,0.15585,0.15073,0.14448,0.12420,0.09583,0.08776
20,0.25503,0.23871,0.23664,0.22323,0.18247,0.17412,0.16710,0.14928,0.12194,0.11258
,,,,,,,,,,
0.3,,,,,,,,,,
alpha,100000,150000,200000,250000,500000,750000,1000000,2000000,3000000,4000000
-10,0.11802,0.11774,0.09932,0.10857,0.10174,0.09950,0.08647,0.02637,0.01769,0.01446
-9,0.10517,0.10130,0.09003,0.09433,0.08882,0.08286,0.07439,0.02487,0.01809,0.01471
-8,0.10242,0.09684,0.06979,0.08779,0.07034,0.03502,0.02767,0.01630,0.01471,0.01586
-7,0.08938,0.08047,0.07675,0.06615,0.04558,0.02185,0.02027,0.01337,0.01077,0.01109
-6,0.08164,0.06409,0.05233,0.03623,0.02081,0.01611,0.01659,0.01072,0.00898,0.00868
-5,0.06685,0.03709,0.02685,0.02289,0.01528,0.01240,0.01291,0.00878,0.00768,0.00751
-4,0.03616,0.02543,0.01977,0.01728,0.01177,0.01030,0.00960,0.00774,0.00697,0.00658
-3,0.02823,0.02028,0.01648,0.01411,0.01038,0.00924,0.00855,0.00749,0.00681,0.00641
-2,0.02465,0.01724,0.01380,0.01224,0.00955,0.00860,0.00809,0.00704,0.00661,0.00633
-1,0.01977,0.01362,0.01133,0.01039,0.00848,0.00789,0.00763,0.00689,0.00650,0.00627
0,0.01937,0.01287,0.01047,0.00923,0.00726,0.00717,0.00695,0.00647,0.00638,0.00624
1,0.01893,0.01287,0.01063,0.00939,0.00699,0.00606,0.00593,0.00623,0.00620,0.00621
2,0.01818,0.01302,0.01091,0.00974,0.00740,0.00660,0.00615,0.00563,0.00611,0.00626
3,0.01778,0.01330,0.01138,0.01027,0.00809,0.00737,0.00702,0.00642,0.00590,0.00577
4,0.01814,0.01403,0.01227,0.01127,0.00925,0.00856,0.00805,0.00694,0.00640,0.00602
5,0.01941,0.01547,0.01369,0.01270,0.01047,0.00950,0.00884,0.00746,0.00686,0.00658
6,0.02121,0.01709,0.01526,0.01417,0.01158,0.01032,0.00958,0.00832,0.00804,0.00799
7,0.02308,0.01897,0.01702,0.01578,0.01272,0.01142,0.01073,0.01038,0.00992,0.00944
8,0.02549,0.02116,0.01891,0.01744,0.01437,0.01387,0.01345,0.01209,0.01207,0.01158
9,0.02860,0.02331,0.02105,0.01978,0.01773,0.01639,0.01567,0.01477,0.01364,0.01302
10,0.03323,0.02755,0.02562,0.02446,0.02108,0.02073,0.01976,0.01700,0.01561,0.01456
11,0.03785,0.03395,0.03169,0.03007,0.02764,0.02578,0.02413,0.02034,0.01802,0.01679
12,0.04635,0.04302,0.04051,0.03943,0.03582,0.03381,0.03089,0.02479,0.02174,0.02068
13,0.06027,0.05806,0.05504,0.05322,0.04891,0.04518,0.04357,0.03166,0.02883,0.02510
14,0.08024,0.07624,0.07405,0.07104,0.06739,0.06109,0.05850,0.04290,0.03692,0.03185
15,0.10140,0.09524,0.09305,0.09146,0.08923,0.08210,0.07752,0.06353,0.04916,0.04167
16,0.13545,0.11598,0.11270,0.11192,0.10999,0.10601,0.09985,0.08531,0.06663,0.05600
17,0.18108,0.14203,0.13630,0.13500,0.13192,0.12968,0.12305,0.10933,0.08891,0.07688
18,0.21146,0.20021,0.17046,0.16356,0.15633,0.15194,0.14657,0.13417,0.11465,0.10345
19,0.24856,0.22829,0.22141,0.20443,0.18504,0.17613,0.17066,0.15823,0.14068,0.13204
20,0.26104,0.26082,0.24498,0.24771,0.22497,0.20392,0.19657,0.18232,0.16647,0.15962
,,,,,,,,,,
0.4,,,,,,,,,,
alpha,100000,150000,200000,250000,500000,750000,1000000,2000000,3000000,4000000
-10,0.12369,0.11618,0.11358,0.11243,0.10658,0.10449,0.09448,0.08938,0.07874,0.03417
-9,0.10841,0.10503,0.10441,0.09909,0.09418,0.08888,0.08334,0.03284,0.03219,0.02198
-8,0.09936,0.10200,0.09819,0.09234,0.07760,0.06490,0.06187,0.02380,0.02298,0.01900
-7,0.09462,0.08934,0.08087,0.07234,0.03890,0.02973,0.02773,0.01777,0.01364,0.01413
-6,0.08693,0.06966,0.05791,0.05233,0.02820,0.02076,0.01936,0.01310,0.01055,0.00969
-5,0.07122,0.04095,0.03108,0.02630,0.01750,0.01407,0.01383,0.00984,0.00833,0.00796
-4,0.04011,0.02815,0.02113,0.01871,0.01291,0.01099,0.01046,0.00813,0.00724,0.00685
-3,0.03038,0.02166,0.01735,0.01476,0.01079,0.00965,0.00882,0.00766,0.00691,0.00650
-2,0.02607,0.01786,0.01458,0.01281,0.00982,0.00880,0.00829,0.00715,0.00675,0.00643
-1,0.02130,0.01439,0.01210,0.01095,0.00881,0.00821,0.00786,0.00701,0.00662,0.00638
0,0.01978,0.01325,0.01074,0.00949,0.00777,0.00750,0.00718,0.00672,0.00657,0.00647
1,0.01939,0.01322,0.01095,0.00968,0.00721,0.00631,0.00634,0.00652,0.00649,0.00654
2,0.01858,0.01336,0.01126,0.01007,0.00774,0.00692,0.00693,0.00612,0.00645,0.00649
3,0.01849,0.01381,0.01186,0.01075,0.00860,0.00789,0.00752,0.00665,0.00608,0.00601
4,0.01915,0.01486,0.01304,0.01200,0.00986,0.00905,0.00846,0.00721,0.00660,0.00625
5,0.02095,0.01657,0.01462,0.01355,0.01111,0.00996,0.00924,0.00780,0.00713,0.00683
6,0.02301,0.01835,0.01638,0.01518,0.01233,0.01098,0.01013,0.00879,0.00863,0.00857
7,0.02524,0.02055,0.01836,0.01699,0.01365,0.01223,0.01175,0.01120,0.01049,0.01011
8,0.02823,0.02310,0.02049,0.01890,0.01606,0.01532,0.01469,0.01325,0.01305,0.01237
9,0.03220,0.02620,0.02392,0.02281,0.02010,0.01838,0.01773,0.01630,0.01502,0.01427
10,0.03773,0.03229,0.03051,0.02911,0.02494,0.02427,0.02311,0.01984,0.01795,0.01659
11,0.04599,0.04084,0.03884,0.03712,0.03400,0.03192,0.03010,0.02543,0.02220,0.02040
12,0.05775,0.05376,0.05141,0.05286,0.04608,0.04486,0.04124,0.03396,0.02944,0.02775
13,0.07767,0.07277,0.07035,0.06860,0.06377,0.06192,0.05802,0.04767,0.04390,0.03849
14,0.13547,0.09453,0.09146,0.08974,0.08544,0.08304,0.08079,0.06698,0.06188,0.05553
15,0.14897,0.11808,0.11380,0.11161,0.10846,0.10590,0.10543,0.09058,0.08483,0.07794
16,0.17814,0.14673,0.13772,0.13497,0.13194,0.12938,0.12841,0.11598,0.11022,0.10324
17,0.20512,0.18775,0.16944,0.16343,0.15765,0.15370,0.15208,0.14175,0.13587,0.12916
18,0.22223,0.21514,0.20859,0.20748,0.18762,0.17953,0.17741,0.16875,0.16118,0.15488
19,0.25871,0.23940,0.23499,0.23581,0.22301,0.20743,0.20511,0.19619,0.18712,0.18038
20,0.27062,0.26904,0.25963,0.25993,0.25039,0.23804,0.23553,0.22186,0.21254,0.20569
,,,,,,,,,,
0.5,,,,,,,,,,
alpha,100000,150000,200000,250000,500000,750000,1000000,2000000,3000000,4000000
-10,0.13127,0.12000,0.11811,0.11944,0.11218,0.11003,0.10337,0.09934,0.09501,0.09067
-9,0.11496,0.11240,0.11091,0.10505,0.09917,0.09385,0.08999,0.08000,0.07656,0.07312
-8,0.10369,0.10087,0.09920,0.09665,0.08290,0.07209,0.07223,0.06191,0.05874,0.05557
-7,0.10439,0.09280,0.08408,0.07600,0.06453,0.05882,0.05324,0.04122,0.02700,0.02864
-6,0.09415,0.07586,0.06468,0.05900,0.03978,0.03364,0.02576,0.02052,0.01607,0.01336
-5,0.07583,0.05170,0.03842,0.03242,0.02070,0.01834,0.01562,0.01236,0.01034,0.00907
-4,0.04665,0.03156,0.02426,0.02131,0.01468,0.01238,0.01157,0.00907,0.00790,0.00734
-3,0.03375,0.02402,0.01868,0.01594,0.01151,0.01018,0.00930,0.00791,0.00712,0.00670
-2,0.02839,0.01903,0.01542,0.01369,0.01024,0.00912,0.00857,0.00738,0.00696,0.00657
-1,0.02330,0.01575,0.01302,0.01166,0.00933,0.00859,0.00816,0.00720,0.00679,0.00655
0,0.02064,0.01374,0.01222,0.00991,0.00844,0.00790,0.00752,0.00710,0.00690,0.00671
1,0.01985,0.01385,0.01141,0.01012,0.00755,0.00685,0.00696,0.00697,0.00700,0.00695
2,0.01940,0.01399,0.01183,0.01061,0.00827,0.00749,0.00704,0.00675,0.00690,0.00683
3,0.01972,0.01471,0.01272,0.01162,0.00942,0.00862,0.00812,0.00704,0.00637,0.00635
4,0.02099,0.01629,0.01427,0.01310,0.01078,0.00970,0.00902,0.00766,0.00696,0.00655
5,0.02367,0.01834,0.01609,0.01487,0.01213,0.01084,0.00995,0.00832,0.00762,0.00725
6,0.02643,0.02047,0.01818,0.01681,0.01349,0.01191,0.01098,0.00977,0.00959,0.00944
7,0.02940,0.02324,0.02058,0.01897,0.01525,0.01380,0.01348,0.01245,0.01156,0.01106
8,0.03359,0.02671,0.02369,0.02202,0.01934,0.01813,0.01718,0.01607,0.01482,0.01392
9,0.04131,0.03237,0.02977,0.02857,0.02501,0.02267,0.02191,0.01969,0.01808,0.01705
10,0.05278,0.04138,0.03904,0.03767,0.03249,0.03132,0.03002,0.02589,0.02368,0.02177
11,0.07966,0.05409,0.05114,0.04957,0.04562,0.04317,0.04222,0.03748,0.03333,0.03098
12,0.12111,0.07259,0.06955,0.06755,0.06352,0.06107,0.06002,0.05416,0.04945,0.04669
13,0.14719,0.09717,0.09212,0.09056,0.08567,0.08378,0.08229,0.07620,0.07129,0.06839
14,0.16444,0.13425,0.11691,0.11357,0.10920,0.10837,0.10634,0.10060,0.09615,0.09328
15,0.17790,0.16397,0.14335,0.13929,0.13355,0.13403,0.13113,0.12588,0.12189,0.11931
16,0.19435,0.18323,0.17789,0.16893,0.16022,0.15990,0.15704,0.15177,0.14804,0.14596
17,0.22105,0.21311,0.20902,0.20329,0.19055,0.18816,0.18405,0.17858,0.17451,0.17347
18,0.24237,0.23642,0.22878,0.23097,0.22187,0.21786,0.21116,0.20581,0.20267,0.19988
19,0.26418,0.25756,0.25314,0.25485,0.24700,0.24387,0.23990,0.23207,0.22901,0.22597
20,0.28598,0.28256,0.27902,0.27681,0.26927,0.26591,0.26776,0.26104,0.25636,0.25262
,,,,,,,,,,
0.6,,,,,,,,,,
alpha,100000,150000,200000,250000,500000,750000,1000000,2000000,3000000,4000000
-10,0.12988,0.12636,0.12481,0.12773,0.11974,0.11733,0.11116,0.10676,0.10275,0.10088
-9,0.12724,0.12257,0.11982,0.11346,0.10258,0.09818,0.09570,0.09026,0.08969,0.08829
-8,0.11144,0.10873,0.10452,0.10122,0.08529,0.08196,0.07985,0.07484,0.07371,0.07254
-7,0.10454,0.09755,0.08836,0.08082,0.07111,0.06749,0.06397,0.06152,0.05704,0.05787
-6,0.09466,0.08004,0.07060,0.06452,0.05389,0.05110,0.04762,0.04389,0.03883,0.03350
-5,0.08054,0.05817,0.04825,0.04045,0.03306,0.02929,0.02553,0.02133,0.01841,0.01591
-4,0.05667,0.03868,0.03072,0.02665,0.01807,0.01607,0.01403,0.01150,0.00997,0.00895
-3,0.04409,0.02798,0.02156,0.01860,0.01300,0.01137,0.01033,0.00863,0.00769,0.00716
-2,0.03150,0.02163,0.01713,0.01492,0.01103,0.00970,0.00907,0.00779,0.00725,0.00683
-1,0.02573,0.01778,0.01442,0.01280,0.01010,0.00912,0.00856,0.00751,0.00729,0.00682
0,0.02192,0.01480,0.01219,0.01106,0.00924,0.00847,0.00813,0.00767,0.00733,0.00728
1,0.02114,0.01481,0.01223,0.01084,0.00923,0.00790,0.00797,0.00783,0.00762,0.00746
2,0.02157,0.01523,0.01288,0.01160,0.00922,0.00847,0.00793,0.00758,0.00754,0.00729
3,0.02244,0.01660,0.01429,0.01303,0.01061,0.00960,0.00895,0.00761,0.00696,0.00685
4,0.02574,0.01883,0.01627,0.01488,0.01209,0.01086,0.01009,0.00833,0.00758,0.00707
5,0.02957,0.02174,0.01862,0.01708,0.01378,0.01225,0.01149,0.00923,0.00838,0.00794
6,0.03670,0.02459,0.02146,0.01967,0.01598,0.01407,0.01289,0.01146,0.01119,0.01082
7,0.04220,0.02926,0.02531,0.02331,0.01903,0.01794,0.01731,0.01522,0.01400,0.01327
8,0.05883,0.03715,0.03184,0.02962,0.02656,0.02448,0.02305,0.02045,0.01895,0.01768
9,0.07989,0.05122,0.04255,0.04023,0.03603,0.03248,0.03013,0.02709,0.02465,0.02342
10,0.09835,0.07346,0.05845,0.05425,0.04778,0.04407,0.04230,0.03774,0.03467,0.03160
11,0.12270,0.10427,0.08119,0.07283,0.06469,0.06163,0.05960,0.05549,0.05138,0.04727
12,0.14334,0.13240,0.10697,0.09643,0.08705,0.08417,0.08243,0.07954,0.07664,0.07375
13,0.16391,0.15266,0.13937,0.12268,0.11156,0.10897,0.10726,0.10485,0.10244,0.10003
14,0.18491,0.17019,0.15699,0.12135,0.13828,0.13562,0.13374,0.13124,0.12874,0.12624
15,0.19750,0.18934,0.18343,0.13487,0.16704,0.16406,0.16216,0.16014,0.15812,0.15610
16,0.21757,0.21196,0.20691,0.15012,0.19726,0.19394,0.19274,0.18986,0.18698,0.18410
17,0.24089,0.23559,0.23349,0.22907,0.22650,0.22252,0.22199,0.21868,0.21536,0.21205
18,0.26410,0.26015,0.25772,0.25594,0.25295,0.25074,0.24895,0.24598,0.24301,0.24004
19,0.29789,0.28350,0.28201,0.28053,0.27798,0.27587,0.27308,0.27164,0.27020,0.26876
20,0.31527,0.30968,0.30592,0.30416,0.30029,0.29990,0.29991,0.29844,0.29696,0.29549